config_dicts:
  network_weight:
    lr: -4.8487749099731445
    lr_multiplier: 1.0002135038375854
    momentum: -3.506955878990815
    weight_decay: -3.974780321121216
