config_dicts:
  network_weight:
    lr: -1.7327032089233398
    lr_multiplier: 1.0006825923919678
    momentum: 3.743444734398954
    weight_decay: -3.2845425605773926
