config_dicts:
  network_weight:
    lr: -4.017952919006348
    lr_multiplier: 0.9974733591079712
    momentum: 2.0970279257501354
    weight_decay: -4.816800594329834
