config_dicts:
  network_weight:
    lr: -1.8685450553894043
    lr_multiplier: 1.0000120401382446
    momentum: -1.410997635416611
    weight_decay: -2.3341903686523438
